8.597138 6.004080 -9.618020 1.700000
10.013138 6.001080 -9.200020 2.000000
10.181138 4.884080 -8.207020 1.740000
9.208138 4.286080 -7.772020 1.400000
10.396138 7.336080 -8.543020 2.000000
9.599138 7.699080 -7.296020 2.000000
10.199138 8.878080 -6.504020 2.000000
11.395138 8.420080 -5.682020 2.000000
11.688138 9.303080 -4.516020 2.000000
11.421138 4.578080 -7.872020 1.700000
11.674138 3.540080 -6.906020 2.000000
12.243138 4.242080 -5.683020 1.740000
13.316138 4.832080 -5.757020 1.400000
12.662138 2.522080 -7.439020 2.000000
12.771138 1.370080 -6.492020 2.000000
12.220138 2.044080 -8.802020 2.000000
11.451138 4.307080 -4.615020 1.700000
11.873138 4.940080 -3.368020 2.000000
12.934138 4.042080 -2.749020 1.740000
12.981138 2.844080 -3.026020 1.400000
10.691138 5.027080 -2.386020 2.000000
9.921138 6.318080 -2.449020 1.740000
9.022138 6.564080 -3.481020 1.860000
10.089138 7.285080 -1.459020 1.860000
8.308138 7.753080 -3.523020 1.860000
9.381138 8.468080 -1.497020 1.860000
8.492138 8.704080 -2.528020 1.860000
13.788138 4.605080 -1.913020 1.700000
14.788138 3.768080 -1.279020 2.000000
14.172138 3.239080 -0.003020 1.740000
13.260138 3.867080 0.523980 1.400000
14.684138 2.128080 0.518980 1.700000
14.152138 1.540080 1.744980 2.000000
13.884138 2.601080 2.816980 1.740000
12.738138 2.930080 3.083980 1.400000
15.097138 0.449080 2.249980 2.000000
14.695138 -0.204920 3.563980 2.000000
15.489138 -1.487920 3.752980 2.000000
15.824138 -1.757920 5.146980 1.700000
16.960138 -1.381920 5.729980 1.740000
17.871138 -0.698920 5.050980 1.800000
17.220138 -1.759920 6.974980 1.800000
14.936138 3.201080 3.357980 1.700000
14.793138 4.238080 4.377980 2.000000
14.190138 5.543080 3.866980 1.740000
13.882138 6.430080 4.663980 1.400000
16.143138 4.535080 5.011980 2.000000
16.867138 3.064080 5.780980 1.800000
14.093138 5.710080 2.549980 1.700000
13.498138 6.930080 2.017980 2.000000
12.001138 6.775080 2.161980 1.740000
11.307138 7.725080 2.507980 1.400000
13.844138 7.152080 0.553980 2.000000
13.121138 8.359080 -0.022020 2.000000
13.441138 8.633080 -1.473020 1.740000
13.955138 7.721080 -2.159020 1.400000
13.157138 9.765080 -1.930020 1.400000
11.511138 5.563080 1.913980 1.700000
10.093138 5.271080 2.041980 2.000000
9.757138 5.294080 3.526980 1.740000
8.821138 5.966080 3.932980 1.400000
9.761138 3.905080 1.444980 2.000000
8.275138 3.606080 1.209980 1.740000
7.614138 4.693080 0.376980 2.000000
8.138138 2.281080 0.521980 2.000000
10.564138 4.618080 4.340980 1.700000
10.348138 4.580080 5.782980 2.000000
10.143138 5.979080 6.357980 1.740000
9.257138 6.180080 7.181980 1.400000
11.498138 3.879080 6.478980 2.000000
10.932138 6.953080 5.921980 1.700000
10.760138 8.311080 6.420980 2.000000
9.416138 8.859080 5.956980 1.740000
8.590138 9.249080 6.785980 1.400000
11.869138 9.204080 5.952980 2.000000
9.176138 8.854080 4.643980 1.700000
7.907138 9.350080 4.076980 2.000000
6.657138 8.745080 4.756980 1.740000
5.698138 9.461080 5.072980 1.400000
7.864138 9.075080 2.567980 2.000000
6.686138 7.436080 4.983980 1.700000
5.584138 6.734080 5.604980 2.000000
5.386138 7.141080 7.038980 1.740000
4.252138 7.176080 7.511980 1.400000
5.779138 5.231080 5.531980 2.000000
5.699138 4.696080 4.149980 2.000000
5.509138 2.934080 4.161980 1.800000
4.536138 2.686080 2.687980 2.000000
6.470138 7.408080 7.755980 1.700000
6.349138 7.823080 9.149980 2.000000
5.757138 9.223080 9.163980 1.740000
4.824138 9.499080 9.921980 1.400000
7.707138 7.847080 9.827980 2.000000
7.669138 8.248080 11.282980 2.000000
9.044138 8.719080 11.731980 2.000000
9.158138 8.752080 13.241980 2.000000
9.293138 7.373080 13.807980 2.000000
6.287138 10.085080 8.292980 1.700000
5.835138 11.470080 8.153980 2.000000
4.331138 11.465080 7.997980 1.740000
3.625138 12.180080 8.694980 1.400000
6.471138 12.090080 6.907980 2.000000
5.934138 13.476080 6.505980 2.000000
5.609138 13.508080 5.000980 2.000000
5.335138 14.838080 4.428980 1.700000
4.368138 15.678080 4.817980 1.740000
3.547138 15.365080 5.818980 1.800000
4.177138 16.817080 4.151980 1.800000
3.855138 10.606080 7.101980 1.700000
2.434138 10.458080 6.817980 2.000000
1.692138 9.621080 7.852980 1.740000
0.743138 8.918080 7.508980 1.400000
2.220138 9.845080 5.429980 2.000000
2.116138 10.850080 4.324980 1.740000
3.055138 10.944080 3.322980 1.540000
1.158138 11.760080 4.030980 1.860000
2.678138 11.865080 2.453980 1.860000
1.529138 12.374080 2.859980 1.700000
2.177138 9.643080 9.093980 1.700000
1.534138 8.930080 10.189980 2.000000
1.292138 7.433080 10.161980 1.740000
0.541138 6.920080 10.986980 1.400000
1.924138 6.698080 9.262980 1.700000
1.690138 5.260080 9.246980 2.000000
2.304138 4.509080 10.423980 1.740000
2.048138 3.319080 10.592980 1.400000
2.148138 4.640080 7.926980 2.000000
1.235138 4.910080 6.740980 1.740000
1.749138 4.122080 5.581980 2.000000
-0.175862 4.476080 7.064980 2.000000
3.116138 5.181080 11.235980 1.700000
3.721138 4.504080 12.379980 2.000000
2.629138 4.110080 13.386980 1.740000
1.929138 4.965080 13.947980 1.400000
4.797138 5.381080 13.046980 2.000000
5.826138 4.564080 13.861980 1.740000
5.696138 3.325080 13.991980 1.400000
6.789138 5.176080 14.377980 1.400000
2.417138 2.808080 13.515980 1.700000
1.439138 2.257080 14.436980 2.000000
-0.026862 2.534080 14.121980 1.740000
-0.891862 2.302080 14.964980 1.400000
1.765138 2.646080 15.878980 2.000000
2.913138 1.851080 16.437980 1.740000
2.897138 0.620080 16.416980 1.400000
3.937138 2.546080 16.916980 1.800000
-0.319862 3.000080 12.915980 1.700000
-1.704862 3.239080 12.522980 2.000000
-2.421862 1.891080 12.639980 1.740000
-2.025862 0.926080 11.986980 1.400000
-1.765862 3.719080 11.077980 2.000000
-3.118862 4.243080 10.688980 1.740000
-3.490862 5.546080 11.018980 1.860000
-4.019862 3.456080 9.965980 1.860000
-4.720862 6.064080 10.635980 1.860000
-5.259862 3.963080 9.569980 1.860000
-5.601862 5.275080 9.906980 1.740000
-6.794862 5.837080 9.489980 1.600000
-3.452862 1.832080 13.485980 1.700000
-4.214862 0.604080 13.750980 2.000000
-3.291862 -0.434920 14.398980 1.740000
-3.480862 -1.644920 14.222980 1.400000
-4.803862 -0.010920 12.465980 2.000000
-6.144862 0.519080 11.951980 2.000000
-7.217862 0.548080 13.006980 2.000000
-7.355862 1.913080 13.495980 1.700000
-8.284862 2.776080 13.083980 1.740000
-9.191862 2.415080 12.175980 1.800000
-8.249862 4.034080 13.514980 1.800000
-2.273862 0.035080 15.120980 1.700000
-1.336862 -0.883920 15.763980 2.000000
-0.450862 -1.646920 14.789980 1.740000
-0.078862 -2.808920 15.019980 1.400000
-0.148862 -0.996920 13.670980 1.700000
0.704138 -1.564920 12.637980 2.000000
1.904138 -0.666920 12.559980 1.740000
1.779138 0.505080 12.212980 1.400000
-0.024862 -1.592920 11.310980 2.000000
-1.064862 -2.671920 11.282980 1.740000
-0.691862 -4.006920 11.139980 1.860000
-2.420862 -2.370920 11.400980 1.860000
-1.643862 -5.019920 11.109980 1.860000
-3.378862 -3.374920 11.371980 1.860000
-2.979862 -4.697920 11.223980 1.740000
-3.907862 -5.709920 11.159980 1.600000
3.036138 -1.199920 13.002980 1.700000
4.306138 -0.494920 13.030980 2.000000
4.867138 -0.300920 11.635980 1.740000
4.676138 -1.158920 10.766980 1.400000
5.286138 -1.302920 13.855980 2.000000
5.158138 -2.667920 13.495980 1.600000
5.601138 0.805080 11.464980 1.700000
6.237138 1.199080 10.206980 2.000000
6.725138 -0.001920 9.428980 1.740000
6.388138 -0.161920 8.257980 1.400000
7.425138 2.120080 10.473980 2.000000
7.409138 3.508080 9.832980 1.740000
8.760138 4.182080 10.037980 2.000000
7.096138 3.406080 8.357980 2.000000
7.470138 -0.867920 10.113980 1.700000
8.014138 -2.066920 9.499980 2.000000
7.067138 -2.763920 8.543980 1.740000
7.468138 -3.151920 7.442980 1.400000
5.805138 -2.876920 8.948980 1.700000
4.772138 -3.519920 8.144980 2.000000
4.482138 -2.733920 6.876980 1.740000
4.524138 -3.281920 5.776980 1.400000
3.476138 -3.667920 8.951980 2.000000
3.636138 -4.580920 10.137980 1.740000
3.510138 -5.802920 10.021980 1.400000
3.955138 -3.998920 11.288980 1.800000
4.213138 -1.442920 7.033980 1.700000
3.899138 -0.577920 5.905980 2.000000
5.020138 -0.505920 4.881980 1.740000
4.763138 -0.379920 3.687980 1.400000
3.517138 0.810080 6.401980 2.000000
2.326138 0.781080 7.302980 1.740000
2.326138 0.939080 8.649980 1.860000
0.957138 0.593080 6.917980 1.740000
1.043138 0.872080 9.135980 1.700000
0.181138 0.659080 8.092980 1.740000
0.315138 0.381080 5.696980 1.860000
-1.216862 0.521080 8.083980 1.860000
-1.078862 0.243080 5.688980 1.860000
-1.824862 0.315080 6.877980 1.860000
6.261138 -0.580920 5.350980 1.700000
7.429138 -0.556920 4.472980 2.000000
7.562138 -1.943920 3.841980 1.740000
7.874138 -2.087920 2.657980 1.400000
8.720138 -0.192920 5.273980 2.000000
9.978138 -0.695920 4.562980 2.000000
8.796138 1.307080 5.474980 2.000000
7.268138 -2.964920 4.631980 1.700000
7.352138 -4.340920 4.178980 2.000000
6.427138 -4.589920 2.989980 1.740000
6.868138 -5.053920 1.936980 1.400000
7.006138 -5.265920 5.325980 2.000000
7.480138 -6.964920 4.982980 1.800000
5.157138 -4.226920 3.140980 1.700000
4.172138 -4.380920 2.084980 2.000000
4.595138 -3.624920 0.840980 1.740000
4.419138 -4.116920 -0.262020 1.400000
2.829138 -3.884920 2.543980 2.000000
5.129138 -2.419920 0.991980 1.700000
5.565138 -1.664920 -0.182020 2.000000
6.714138 -2.396920 -0.885020 1.740000
6.822138 -2.371920 -2.121020 1.400000
5.969138 -0.272920 0.187980 2.000000
7.543138 -3.099920 -0.121020 1.700000
8.625138 -3.842920 -0.729020 2.000000
8.038138 -4.952920 -1.584020 1.740000
8.221138 -4.969920 -2.787020 1.400000
9.531138 -4.456920 0.325980 2.000000
10.801138 -5.053920 -0.246020 2.000000
11.651138 -3.946920 -0.867020 2.000000
12.863138 -4.480920 -1.657020 2.000000
12.496138 -5.012920 -3.002020 2.000000
7.261138 -5.837920 -0.970020 1.700000
6.673138 -6.965920 -1.689020 2.000000
5.416138 -6.783920 -2.551020 1.740000
4.957138 -7.734920 -3.165020 1.400000
6.514138 -8.143920 -0.743020 2.000000
7.818138 -8.688920 -0.264020 1.740000
8.485138 -9.665920 -0.988020 1.860000
8.395138 -8.210920 0.895980 1.860000
9.714138 -10.157920 -0.558020 1.860000
9.621138 -8.696920 1.333980 1.860000
10.281138 -9.671920 0.602980 1.860000
4.846138 -5.585920 -2.580020 1.700000
3.684138 -5.316920 -3.417020 2.000000
4.182138 -4.743920 -4.733020 1.740000
3.869138 -5.251920 -5.802020 1.400000
2.744138 -4.279920 -2.778020 2.000000
1.828138 -4.787920 -1.669020 2.000000
0.927138 -5.934920 -2.094020 1.740000
0.602138 -6.076920 -3.294020 1.400000
0.528138 -6.700920 -1.206020 1.400000
4.974138 -3.679920 -4.639020 1.700000
5.494138 -3.006920 -5.814020 2.000000
6.992138 -2.799920 -5.829020 1.740000
7.479138 -1.977920 -6.591020 1.400000
4.821138 -1.650920 -5.967020 2.000000
5.049138 -0.851920 -4.820020 1.600000
7.726138 -3.489920 -4.968020 1.700000
9.176138 -3.352920 -4.958020 2.000000
9.566138 -1.874920 -4.928020 1.740000
10.518138 -1.464920 -5.580020 1.400000
9.719138 -4.026920 -6.211020 2.000000
11.167138 -4.416920 -6.094020 1.740000
11.496138 -5.546920 -5.729020 1.400000
12.050138 -3.503920 -6.464020 1.800000
8.765138 -1.069920 -4.233020 1.700000
8.979138 0.372080 -4.090020 2.000000
8.790138 1.239080 -5.315020 1.740000
9.183138 2.402080 -5.303020 1.400000
10.346138 0.664080 -3.491020 2.000000
10.536138 0.100080 -2.130020 1.740000
9.442138 -0.213920 -1.332020 1.860000
11.815138 -0.142920 -1.647020 1.860000
9.616138 -0.757920 -0.070020 1.860000
12.005138 -0.686920 -0.387020 1.860000
10.899138 -0.997920 0.406980 1.860000
8.196138 0.695080 -6.368020 1.700000
7.957138 1.476080 -7.578020 2.000000
6.573138 2.114080 -7.594020 1.740000
5.564138 1.440080 -7.827020 1.400000
8.127138 0.626080 -8.832020 2.000000
7.965138 1.439080 -10.111020 1.740000
8.099138 2.667080 -10.106020 1.400000
7.676138 0.760080 -11.212020 1.800000
6.540138 3.433080 -7.426020 1.700000
5.299138 4.198080 -7.398020 2.000000
4.434138 4.129080 -8.648020 1.740000
3.327138 4.655080 -8.647020 1.400000
5.561138 5.681080 -7.116020 2.000000
6.160138 6.291080 -8.265020 1.600000
6.473138 5.844080 -5.919020 2.000000
4.921138 3.512080 -9.713020 1.700000
4.132138 3.449080 -10.927020 2.000000
3.772138 2.031080 -11.314020 1.740000
3.291138 1.778080 -12.414020 1.400000
4.871138 4.144080 -12.066020 2.000000
6.093138 3.386080 -12.570020 2.000000
6.886138 4.182080 -13.574020 1.740000
7.542138 5.167080 -13.225020 1.400000
6.834138 3.766080 -14.829020 1.800000
4.017138 1.105080 -10.400020 1.700000
3.713138 -0.295920 -10.633020 2.000000
2.221138 -0.559920 -10.848020 1.740000
1.363138 0.050080 -10.214020 1.400000
4.238138 -1.140920 -9.490020 2.000000
1.931138 -1.450920 -11.785020 1.700000
0.570138 -1.836920 -12.100020 2.000000
0.578138 -3.334920 -12.404020 1.740000
1.517138 -3.855920 -13.004020 1.400000
0.003138 -1.063920 -13.320020 2.000000
0.817138 -1.299920 -14.465020 1.600000
-0.044862 0.407080 -13.059020 2.000000
-0.451862 -4.032920 -11.953020 1.700000
-0.577862 -5.461920 -12.176020 2.000000
-2.076862 -5.692920 -12.411020 1.740000
-2.911862 -5.049920 -11.780020 1.400000
-0.071862 -6.208920 -10.935020 2.000000
0.141138 -7.700920 -11.171020 1.740000
-0.226862 -8.536920 -10.329020 1.400000
0.774138 -8.042920 -12.294020 1.800000
-2.413862 -6.531920 -13.382020 1.700000
-3.808862 -6.813920 -13.703020 2.000000
-4.274862 -7.987920 -12.883020 1.740000
-3.482862 -8.845920 -12.542020 1.400000
-3.958862 -7.175920 -15.185020 2.000000
-3.632862 -6.074920 -16.143020 2.000000
-3.854862 -6.548920 -17.545020 2.000000
-5.215862 -7.039920 -17.736020 1.700000
-6.210862 -6.321920 -18.249020 1.740000
-6.009862 -5.068920 -18.635020 1.800000
-7.416862 -6.858920 -18.364020 1.800000
-5.571862 -8.063920 -12.627020 1.700000
-6.111862 -9.171920 -11.856020 2.000000
-7.178862 -9.903920 -12.637020 1.740000
-7.635862 -9.419920 -13.660020 1.400000
-6.648862 -8.686920 -10.516020 2.000000
-5.672862 -8.932920 -9.394020 1.740000
-5.571862 -10.047920 -8.874020 1.400000
-4.927862 -7.902920 -9.027020 1.800000
-7.599862 -11.052920 -12.129020 1.700000
-8.600862 -11.890920 -12.793020 2.000000
-9.965862 -11.302920 -13.145020 1.740000
-10.649862 -11.844920 -14.018020 1.400000
-8.882862 -13.176920 -11.996020 2.000000
-7.927862 -13.313920 -10.935020 1.600000
-8.797862 -14.387920 -12.912020 2.000000
-10.376862 -10.213920 -12.505020 1.700000
-11.696862 -9.679920 -12.811020 2.000000
-11.762862 -8.385920 -13.623020 1.740000
-12.770862 -7.670920 -13.574020 1.400000
-12.541862 -9.571920 -11.530020 2.000000
-11.949862 -8.619920 -10.501020 1.740000
-11.004862 -9.018920 -9.770020 1.400000
-12.459862 -7.480920 -10.402020 1.400000
-10.727862 -8.116920 -14.414020 1.700000
-10.697862 -6.900920 -15.207020 2.000000
-10.295862 -5.718920 -14.348020 1.740000
-10.522862 -4.562920 -14.705020 1.400000
-9.716862 -6.016920 -13.189020 1.700000
-9.267862 -5.000920 -12.245020 2.000000
-7.750862 -4.883920 -12.291020 1.740000
-7.054862 -5.865920 -12.558020 1.400000
-9.713862 -5.385920 -10.830020 2.000000
-9.264862 -6.687920 -10.487020 1.600000
-7.238862 -3.709920 -11.957020 1.700000
-5.797862 -3.455920 -11.954020 2.000000
-5.401862 -2.988920 -10.550020 1.740000
-6.222862 -2.425920 -9.828020 1.400000
-5.452862 -2.309920 -12.950020 2.000000
-6.156862 -2.506920 -14.177020 1.600000
-3.963862 -2.264920 -13.246020 2.000000
-4.165862 -3.248920 -10.145020 1.700000
-3.684862 -2.796920 -8.846020 2.000000
-2.816862 -1.586920 -9.153020 1.740000
-2.030862 -1.622920 -10.095020 1.400000
-2.862862 -3.884920 -8.168020 2.000000
-3.667862 -5.134920 -7.897020 1.740000
-4.908862 -5.077920 -8.043020 1.400000
-3.063862 -6.179920 -7.548020 1.400000
-2.960862 -0.510920 -8.387020 1.700000
-2.191862 0.698080 -8.656020 2.000000
-1.174862 1.138080 -7.639020 1.740000
-1.414862 1.131080 -6.433020 1.400000
-3.117862 1.890080 -8.903020 2.000000
-3.910862 1.777080 -10.153020 1.740000
-4.963862 0.892080 -10.240020 1.860000
-3.589862 2.529080 -11.268020 1.860000
-5.676862 0.750080 -11.406020 1.860000
-4.297862 2.395080 -12.443020 1.860000
-5.338862 1.499080 -12.502020 1.740000
-6.030862 1.333080 -13.663020 1.600000
-0.036862 1.547080 -8.167020 1.700000
1.023138 2.092080 -7.368020 2.000000
1.728138 1.294080 -6.313020 1.740000
1.601138 0.080080 -6.190020 1.400000
2.397138 2.071080 -5.474020 1.700000
3.228138 1.593080 -4.398020 2.000000
2.628138 0.595080 -3.441020 1.740000
3.351138 -0.250920 -2.921020 1.400000
3.833138 2.779080 -3.665020 2.000000
5.033138 2.336080 -2.836020 2.000000
2.778138 3.506080 -2.885020 2.000000
6.101138 3.431080 -2.706020 2.000000
1.317138 0.672080 -3.213020 1.700000
0.634138 -0.258920 -2.308020 2.000000
-0.376862 -1.125920 -3.041020 1.740000
-1.207862 -1.784920 -2.413020 1.400000
-0.050862 0.484080 -1.160020 2.000000
0.847138 0.882080 0.010980 1.740000
0.035138 1.610080 1.071980 2.000000
1.503138 -0.364920 0.589980 2.000000
-0.319862 -1.092920 -4.372020 1.700000
-1.193862 -1.887920 -5.225020 2.000000
-2.650862 -1.882920 -4.796020 1.740000
-3.227862 -2.912920 -4.483020 1.400000
-0.651862 -3.315920 -5.331020 2.000000
0.719138 -3.400920 -6.003020 2.000000
0.698138 -2.998920 -7.476020 1.740000
0.333138 -3.785920 -8.344020 1.400000
1.125138 -1.785920 -7.761020 1.800000
-3.243862 -0.698920 -4.845020 1.700000
-4.632862 -0.478920 -4.458020 2.000000
-5.601862 -0.781920 -5.594020 1.740000
-5.710862 -0.030920 -6.559020 1.400000
-4.792862 0.954080 -3.916020 2.000000
-4.195862 1.010080 -2.509020 2.000000
-6.233862 1.385080 -3.921020 2.000000
-4.171862 2.376080 -1.908020 2.000000
-6.305862 -1.895920 -5.448020 1.700000
-7.263862 -2.406920 -6.426020 2.000000
-8.399862 -1.469920 -6.887020 1.740000
-9.132862 -0.902920 -6.075020 1.400000
-7.813862 -3.717920 -5.885020 2.000000
-8.739862 -4.396920 -6.839020 1.740000
-9.919862 -4.087920 -6.865020 1.400000
-8.228862 -5.345920 -7.611020 1.800000
-8.591862 -1.372920 -8.199020 1.700000
-9.599862 -0.496920 -8.795020 2.000000
-11.059862 -0.960920 -8.708020 1.740000
-11.980862 -0.262920 -9.146020 1.400000
-9.224862 -0.246920 -10.249020 2.000000
-9.100862 -1.477920 -10.946020 1.600000
-11.262862 -2.160920 -8.186020 1.700000
-12.590862 -2.740920 -8.024020 2.000000
-13.294862 -2.197920 -6.777020 1.740000
-14.453862 -1.796920 -6.824020 1.400000
-12.449862 -4.250920 -7.915020 2.000000
-13.649862 -4.975920 -7.411020 2.000000
-14.442862 -5.562920 -8.530020 2.000000
-15.072862 -6.801920 -8.094020 1.700000
-16.087862 -6.866920 -7.239020 1.740000
-16.618862 -5.756920 -6.718020 1.800000
-16.544862 -8.056920 -6.878020 1.800000
-12.600862 -2.215920 -5.649020 1.700000
-13.182862 -1.727920 -4.406020 2.000000
-12.734862 -0.319920 -4.064020 1.740000
-13.541862 0.602080 -3.967020 1.400000
-12.788862 -2.631920 -3.232020 2.000000
-13.185862 -4.054920 -3.385020 1.740000
-12.959862 -4.854920 -4.457020 1.860000
-13.906862 -4.843920 -2.436020 1.740000
-13.506862 -6.095920 -4.249020 1.700000
-14.097862 -6.117920 -3.015020 1.740000
-14.404862 -4.601920 -1.145020 1.860000
-14.770862 -7.151920 -2.351020 1.860000
-15.069862 -5.627920 -0.477020 1.860000
-15.248862 -6.889920 -1.085020 1.860000
-11.422862 -0.148920 -4.001020 1.700000
-10.815862 1.092080 -3.574020 2.000000
-10.733862 2.329080 -4.435020 1.740000
-10.990862 3.415080 -3.929020 1.400000
-9.492862 0.757080 -2.906020 2.000000
-9.714862 -0.398920 -1.960020 1.740000
-9.392862 -1.713920 -2.169020 1.860000
-10.469862 -0.362920 -0.746020 1.740000
-9.922862 -2.496920 -1.174020 1.700000
-10.585862 -1.691920 -0.285020 1.740000
-11.068862 0.666080 -0.006020 1.860000
-11.277862 -2.019920 0.882980 1.860000
-11.757862 0.341080 1.153980 1.860000
-11.855862 -0.992920 1.586980 1.860000
-10.417862 2.213080 -5.717020 1.700000
-10.341862 3.418080 -6.539020 2.000000
-11.003862 3.221080 -7.877020 1.740000
-11.486862 2.136080 -8.189020 1.400000
-8.896862 3.878080 -6.724020 2.000000
-7.866862 2.689080 -7.628020 1.800000
-11.001862 4.271080 -8.682020 1.700000
-11.640862 4.219080 -9.989020 2.000000
-10.715862 4.484080 -11.198020 1.740000
-9.985862 5.473080 -11.238020 1.400000
-12.806862 5.203080 -9.974020 2.000000
-13.583862 5.200080 -11.251020 1.740000
-13.540862 4.238080 -12.021020 1.400000
-14.300862 6.281080 -11.499020 1.800000
-10.728862 3.574080 -12.167020 1.700000
-9.922862 3.730080 -13.380020 2.000000
-10.794862 3.799080 -14.650020 1.740000
-10.289862 3.910080 -15.771020 1.400000
-8.882862 2.615080 -13.488020 2.000000
-9.494862 1.249080 -13.583020 1.740000
-10.723862 1.134080 -13.507020 1.400000
-8.742862 0.270080 -13.735020 1.400000
-12.105862 3.689080 -14.458020 1.700000
-13.033862 3.781080 -15.566020 2.000000
-13.199862 2.622080 -16.525020 1.740000
-13.634862 2.837080 -17.654020 1.400000
-12.908862 1.400080 -16.100020 1.700000
-13.073862 0.263080 -16.986020 2.000000
-13.303862 -1.011920 -16.211020 1.740000
-13.387862 -2.089920 -16.777020 1.400000
-11.838862 0.113080 -17.860020 2.000000
-10.581862 -0.237920 -17.090020 2.000000
-9.315862 -0.005920 -17.913020 2.000000
-8.128862 -0.417920 -17.167020 1.700000
-7.216862 -1.255920 -17.630020 1.740000
-7.353862 -1.749920 -18.845020 1.800000
-6.219862 -1.655920 -16.855020 1.800000
-13.420862 -0.889920 -14.900020 1.700000
-13.621862 -2.049920 -14.058020 2.000000
-15.086862 -2.253920 -13.662020 1.740000
-15.778862 -1.312920 -13.249020 1.400000
-12.732862 -1.941920 -12.793020 2.000000
-11.360862 -1.819920 -13.199020 1.600000
-12.886862 -3.165920 -11.880020 2.000000
-15.626862 -3.448920 -13.943020 1.700000
-17.016862 -3.699920 -13.561020 2.000000
-17.020862 -3.844920 -12.034020 1.740000
-15.980862 -4.123920 -11.429020 1.400000
-17.325862 -5.023920 -14.261020 2.000000
-15.966862 -5.692920 -14.365020 2.000000
-15.079862 -4.553920 -14.753020 2.000000
-18.163862 -3.610920 -11.403020 1.700000
-18.238862 -3.725920 -9.955020 2.000000
-17.371862 -2.763920 -9.145020 1.740000
-16.933862 -3.102920 -8.044020 1.400000
-17.130862 -1.565920 -9.667020 1.700000
-16.311862 -0.606920 -8.943020 2.000000
-17.140862 0.033080 -7.856020 1.740000
-18.327862 0.287080 -8.041020 1.400000
-15.726862 0.469080 -9.878020 2.000000
-16.718862 1.278080 -10.511020 1.600000
-16.519862 0.263080 -6.708020 1.700000
-17.191862 0.884080 -5.582020 2.000000
-16.533862 2.206080 -5.246020 1.740000
-17.175862 3.088080 -4.694020 1.400000
-17.193862 -0.063920 -4.393020 2.000000
-17.892862 -1.370920 -4.711020 2.000000
-17.615862 -2.397920 -3.663020 2.000000
-18.014862 -3.733920 -4.101020 1.700000
-18.084862 -4.786920 -3.288020 1.740000
-17.780862 -4.643920 -2.003020 1.800000
-18.474862 -5.976920 -3.743020 1.800000
-15.265862 2.346080 -5.622020 1.700000
-14.479862 3.568080 -5.407020 2.000000
-14.466862 4.079080 -3.965020 1.740000
-14.571862 5.284080 -3.735020 1.400000
-14.959862 4.681080 -6.351020 2.000000
-13.950862 5.813080 -6.491020 1.740000
-12.839862 5.726080 -5.991020 1.400000
-14.332862 6.877080 -7.192020 1.800000
-14.265862 3.180080 -3.006020 1.700000
-14.258862 3.543080 -1.595020 2.000000
-13.355862 4.688080 -1.159020 1.740000
-13.713862 5.440080 -0.258020 1.400000
-13.990862 2.317080 -0.740020 2.000000
-15.090862 1.288080 -0.948020 1.740000
-14.816862 0.056080 -0.146020 2.000000
-16.419862 1.891080 -0.572020 2.000000
-12.191862 4.843080 -1.771020 1.700000
-11.308862 5.933080 -1.379020 2.000000
-11.706862 7.202080 -2.125020 1.740000
-11.124862 8.264080 -1.911020 1.400000
-9.844862 5.554080 -1.650020 2.000000
-9.324862 4.103080 -0.672020 1.800000
-12.751862 7.088080 -2.946020 1.700000
-13.266862 8.177080 -3.784020 2.000000
-12.111862 8.930080 -4.432020 1.740000
-11.973862 10.152080 -4.292020 1.400000
-14.161862 9.139080 -3.000020 2.000000
-14.981862 10.042080 -3.919020 1.740000
-14.749862 11.248080 -3.997020 1.400000
-15.929862 9.448080 -4.643020 1.800000
-11.312862 8.188080 -5.193020 1.700000
-10.141862 8.744080 -5.835020 2.000000
-9.813862 8.008080 -7.129020 1.740000
-9.991862 6.791080 -7.225020 1.400000
-8.924862 8.649080 -4.873020 2.000000
-7.780862 9.536080 -5.361020 2.000000
-8.460862 7.201080 -4.716020 2.000000
-8.069862 11.026080 -5.244020 2.000000
-9.408862 8.755080 -8.170020 1.700000
-9.053862 8.164080 -9.463020 2.000000
-7.749862 7.413080 -9.240020 1.740000
-6.809862 7.971080 -8.687020 1.400000
-8.819862 9.393080 -10.343020 2.000000
-9.642862 10.461080 -9.683020 2.000000
-9.373862 10.225080 -8.243020 2.000000
-7.677862 6.170080 -9.683020 1.700000
-6.482862 5.373080 -9.489020 2.000000
-5.174862 6.024080 -9.986020 1.740000
-4.087862 5.656080 -9.552020 1.400000
-6.691862 3.997080 -10.108020 2.000000
-8.213862 3.134080 -9.573020 1.800000
-5.279862 6.989080 -10.888020 1.700000
-4.101862 7.690080 -11.394020 2.000000
-3.399862 8.388080 -10.245020 1.740000
-2.186862 8.293080 -10.114020 1.400000
-4.494862 8.750080 -12.427020 2.000000
-5.073862 8.165080 -13.572020 1.600000
-4.160862 9.074080 -9.401020 1.700000
-3.595862 9.791080 -8.264020 2.000000
-2.768862 8.892080 -7.352020 1.740000
-2.052862 9.368080 -6.474020 1.400000
-4.696862 10.468080 -7.476020 2.000000
-2.856862 7.589080 -7.574020 1.700000
-2.115862 6.640080 -6.773020 2.000000
-0.776862 6.266080 -7.423020 1.740000
-0.023862 5.456080 -6.886020 1.400000
-2.965862 5.389080 -6.544020 2.000000
-4.401862 5.599080 -6.052020 1.740000
-4.943862 4.279080 -5.578020 2.000000
-4.464862 6.610080 -4.911020 2.000000
-0.454862 6.896080 -8.551020 1.700000
0.781138 6.609080 -9.279020 2.000000
1.788138 7.752080 -9.238020 1.740000
2.638138 7.873080 -10.123020 1.400000
0.461138 6.235080 -10.731020 2.000000
-0.352862 4.956080 -10.928020 1.740000
-0.642862 4.717080 -12.376020 2.000000
0.400138 3.791080 -10.364020 2.000000
1.706138 8.569080 -8.192020 1.700000
2.601138 9.712080 -8.023020 2.000000
3.842138 9.364080 -7.213020 1.740000
3.913138 8.324080 -6.554020 1.400000
1.866138 10.876080 -7.348020 2.000000
1.550138 11.921080 -8.259020 1.600000
4.816138 10.259080 -7.263020 1.700000
6.066138 10.092080 -6.547020 2.000000
5.873138 10.569080 -5.107020 1.740000
6.765138 10.438080 -4.256020 1.400000
7.163138 10.884080 -7.255020 2.000000
7.102138 10.666080 -8.663020 1.600000
4.732138 11.204080 -4.861020 1.700000
4.386138 11.643080 -3.519020 2.000000
3.294138 10.656080 -3.098020 1.740000
2.230138 10.573080 -3.726020 1.400000
3.908138 13.104080 -3.499020 2.000000
2.736138 13.369080 -4.434020 1.740000
2.847138 13.111080 -5.657020 1.400000
1.704138 13.873080 -3.934020 1.400000
3.593138 9.844080 -2.092020 1.700000
2.642138 8.840080 -1.661020 2.000000
1.447138 9.308080 -0.842020 1.740000
0.711138 8.483080 -0.307020 1.400000
3.342138 7.666080 -0.957020 2.000000
4.173138 8.149080 0.238980 2.000000
4.197138 6.936080 -1.949020 2.000000
4.727138 7.010080 1.101980 2.000000
1.210138 10.613080 -0.784020 1.700000
0.087138 11.124080 -0.018020 2.000000
-1.217862 10.408080 -0.371020 1.740000
-1.781862 9.728080 0.475980 1.400000
-0.106862 12.637080 -0.197020 2.000000
1.080138 13.336080 0.212980 1.600000
-1.277862 13.111080 0.659980 2.000000
-1.656862 10.484080 -1.624020 1.700000
-2.910862 9.840080 -2.013020 2.000000
-2.971862 8.342080 -1.673020 1.740000
-3.985862 7.849080 -1.161020 1.400000
-3.193862 10.070080 -3.483020 2.000000
-1.887862 7.620080 -1.919020 1.700000
-1.871862 6.202080 -1.612020 2.000000
-2.019862 5.972080 -0.114020 1.740000
-2.777862 5.105080 0.301980 1.400000
-0.579862 5.552080 -2.106020 2.000000
-0.545862 5.472080 -3.518020 1.600000
-1.305862 6.747080 0.698980 1.700000
-1.368862 6.580080 2.152980 2.000000
-2.783862 6.894080 2.648980 1.740000
-3.354862 6.139080 3.444980 1.400000
-0.321862 7.462080 2.888980 2.000000
-0.463862 7.296080 4.374980 2.000000
1.097138 7.066080 2.482980 2.000000
-3.366862 7.963080 2.107980 1.700000
-4.713862 8.381080 2.462980 2.000000
-5.677862 7.220080 2.267980 1.740000
-6.479862 6.906080 3.146980 1.400000
-5.153862 9.575080 1.609980 2.000000
-4.665862 10.918080 2.166980 1.740000
-4.333862 11.042080 3.349980 1.400000
-4.629862 11.932080 1.310980 1.800000
-5.566862 6.545080 1.134980 1.700000
-6.429862 5.403080 0.855980 2.000000
-6.019862 4.158080 1.643980 1.740000
-6.835862 3.280080 1.885980 1.400000
-6.435862 5.120080 -0.640020 2.000000
-7.402862 3.680080 -1.178020 1.800000
-4.771862 4.088080 2.085980 1.700000
-4.335862 2.928080 2.852980 2.000000
-5.041862 2.932080 4.188980 1.740000
-5.415862 1.879080 4.706980 1.400000
-2.821862 2.935080 3.053980 2.000000
-5.235862 4.128080 4.736980 1.700000
-5.910862 4.293080 6.017980 2.000000
-7.323862 3.677080 5.943980 1.740000
-7.648862 2.768080 6.701980 1.400000
-6.004862 5.779080 6.388980 2.000000
-4.744862 6.647080 6.136980 2.000000
-3.572862 6.324080 7.047980 2.000000
-3.151862 7.529080 7.905980 2.000000
-2.824862 8.726080 7.108980 2.000000
-8.138862 4.124080 4.994980 1.700000
-9.495862 3.592080 4.842980 2.000000
-9.536862 2.087080 4.579980 1.740000
-10.505862 1.413080 4.946980 1.400000
-10.266862 4.341080 3.739980 2.000000
-11.411862 3.526080 3.067980 2.000000
-12.839862 4.025080 3.400980 2.000000
-13.341862 3.556080 4.779980 2.000000
-13.397862 2.061080 4.913980 2.000000
-8.507862 1.569080 3.918980 1.700000
-8.432862 0.142080 3.615980 2.000000
-8.139862 -0.652920 4.891980 1.740000
-8.840862 -1.621920 5.214980 1.400000
-7.350862 -0.143920 2.542980 2.000000
-7.769862 0.471080 1.213980 2.000000
-7.124862 -1.631920 2.384980 2.000000
-6.753862 0.341080 0.111980 2.000000
-7.133862 -0.216920 5.639980 1.700000
-6.777862 -0.899920 6.869980 2.000000
-7.900862 -0.692920 7.896980 1.740000
-8.126862 -1.527920 8.777980 1.400000
-5.415862 -0.385920 7.413980 2.000000
-5.574862 0.953080 8.106980 2.000000
-4.783862 -1.408920 8.329980 2.000000
-8.631862 0.406080 7.754980 1.700000
-9.730862 0.708080 8.659980 2.000000
-10.999862 -0.114920 8.414980 1.740000
-11.890862 -0.137920 9.257980 1.400000
-10.059862 2.205080 8.605980 2.000000
-8.939862 2.992080 8.994980 1.600000
-11.067862 -0.841920 7.304980 1.700000
-12.261862 -1.629920 7.002980 2.000000
-12.421862 -2.872920 7.876980 1.740000
-13.119862 -3.814920 7.506980 1.400000
-12.315862 -1.982920 5.511980 2.000000
-13.670862 -1.666920 4.876980 1.740000
-14.035862 -0.468920 4.804980 1.400000
-14.367862 -2.606920 4.436980 1.400000
-11.770862 -2.855920 9.038980 1.700000
-11.863862 -3.940920 10.006980 2.000000
-11.292862 -5.275920 9.599980 1.740000
-11.735862 -6.320920 10.080980 1.400000
-10.279862 -5.246920 8.745980 1.700000
-9.661862 -6.469920 8.264980 2.000000
-8.144862 -6.374920 8.445980 1.740000
-7.405862 -7.281920 8.076980 1.400000
-10.018862 -6.646920 6.788980 2.000000
-9.912862 -8.085920 6.312980 1.740000
-9.376862 -8.959920 6.999980 1.400000
-10.436862 -8.339920 5.114980 1.800000
-7.680862 -5.275920 9.030980 1.700000
-6.253862 -5.093920 9.223980 2.000000
-5.514862 -5.041920 7.894980 1.740000
-6.095862 -4.692920 6.859980 1.400000
-4.233862 -5.397920 7.904980 1.700000
-3.457862 -5.384920 6.670980 2.000000
-3.642862 -6.633920 5.823980 1.740000
-2.959862 -6.803920 4.830980 1.400000
-1.976862 -5.114920 6.938980 2.000000
-1.708862 -3.669920 7.343980 2.000000
0.012138 -3.277920 7.526980 1.800000
0.476138 -3.068920 5.810980 2.000000
-4.617862 -7.471920 6.167980 1.700000
-4.893862 -8.687920 5.397980 2.000000
-5.378862 -8.338920 4.006980 1.740000
-5.525862 -9.206920 3.153980 1.400000
-5.953862 -9.522920 6.089980 2.000000
-5.390862 -10.341920 7.190980 1.740000
-5.445862 -11.559920 7.140980 1.400000
-4.815862 -9.692920 8.183980 1.800000
-5.668862 -7.060920 3.799980 1.700000
-6.136862 -6.574920 2.520980 2.000000
-5.034862 -6.725920 1.486980 1.740000
-5.293862 -6.728920 0.274980 1.400000
-6.539862 -5.124920 2.647980 2.000000
-3.797862 -6.833920 1.961980 1.700000
-2.664862 -6.982920 1.063980 2.000000
-2.125862 -8.398920 0.992980 1.740000
-1.581862 -8.908920 1.959980 1.400000
-1.558862 -6.010920 1.440980 2.000000
-1.923862 -4.610920 1.134980 1.740000
-1.842862 -3.992920 -0.072020 1.860000
-2.435862 -3.642920 2.057980 1.740000
-2.269862 -2.693920 0.038980 1.700000
-2.639862 -2.449920 1.334980 1.740000
-2.741862 -3.662920 3.425980 1.860000
-3.135862 -1.282920 1.939980 1.860000
-3.232862 -2.507920 4.024980 1.860000
-3.424862 -1.333920 3.281980 1.860000
-2.212862 -9.004920 -0.186020 1.700000
-1.726862 -10.366920 -0.379020 2.000000
-0.238862 -10.481920 -0.091020 1.740000
0.177138 -11.371920 0.642980 1.400000
-1.979862 -10.888920 -1.810020 2.000000
-1.573862 -12.353920 -1.901020 2.000000
-3.451862 -10.707920 -2.200020 2.000000
0.561138 -9.587920 -0.667020 1.700000
1.996138 -9.626920 -0.445020 2.000000
2.309138 -9.524920 1.023980 1.740000
3.171138 -10.252920 1.516980 1.400000
2.694138 -8.534920 -1.196020 2.000000
1.623138 -8.636920 1.735980 1.700000
1.861138 -8.503920 3.169980 2.000000
1.492138 -9.820920 3.875980 1.740000
2.246138 -10.354920 4.685980 1.400000
1.040138 -7.351920 3.745980 2.000000
1.237138 -7.172920 5.213980 1.740000
2.191138 -6.399920 5.834980 1.860000
0.477138 -7.778920 6.259980 1.740000
2.063138 -6.497920 7.202980 1.700000
1.015138 -7.335920 7.489980 1.740000
-0.617862 -8.651920 6.279980 1.860000
0.499138 -7.734920 8.722980 1.860000
-1.128862 -9.044920 7.502980 1.860000
-0.568862 -8.585920 8.707980 1.860000
0.332138 -10.347920 3.531980 1.700000
-0.145862 -11.578920 4.112980 2.000000
0.903138 -12.682920 3.972980 1.740000
1.336138 -13.267920 4.956980 1.400000
-1.413862 -11.977920 3.377980 2.000000
-2.503862 -12.561920 4.229980 2.000000
-3.697862 -12.898920 3.360980 2.000000
-4.299862 -11.715920 2.748980 1.700000
-4.650862 -11.648920 1.472980 1.740000
-4.452862 -12.690920 0.685980 1.800000
-5.208862 -10.553920 0.982980 1.800000
1.333138 -12.932920 2.742980 1.700000
2.305138 -13.977920 2.446980 2.000000
3.765138 -13.732920 2.794980 1.740000
4.427138 -14.650920 3.273980 1.400000
2.231138 -14.370920 0.974980 2.000000
0.879138 -14.902920 0.586980 1.740000
0.282138 -14.440920 -0.375020 1.400000
0.380138 -15.872920 1.334980 1.800000
4.283138 -12.538920 2.505980 1.700000
5.693138 -12.225920 2.768980 2.000000
6.041138 -11.492920 4.065980 1.740000
7.133138 -11.679920 4.593980 1.400000
6.309138 -11.434920 1.602980 2.000000
6.278138 -12.104920 0.229980 2.000000
6.987138 -13.443920 0.203980 2.000000
8.380138 -13.386920 0.641980 1.700000
9.433138 -13.562920 -0.155020 1.740000
9.258138 -13.792920 -1.452020 1.800000
10.662138 -13.585920 0.352980 1.800000
5.136138 -10.658920 4.568980 1.700000
5.400138 -9.871920 5.777980 2.000000
4.770138 -10.314920 7.110980 1.740000
5.366138 -10.165920 8.175980 1.400000
4.990138 -8.434920 5.511980 2.000000
5.828138 -7.694920 4.083980 1.800000
3.549138 -10.819920 7.048980 1.700000
2.816138 -11.241920 8.233980 2.000000
3.540138 -12.330920 9.035980 1.740000
3.943138 -13.373920 8.493980 1.400000
1.435138 -11.732920 7.793980 2.000000
0.441138 -12.063920 8.885980 2.000000
-0.822862 -12.623920 8.239980 2.000000
-2.015862 -12.588920 9.172980 2.000000
-3.227862 -13.079920 8.469980 2.000000
3.713138 -12.066920 10.328980 1.700000
4.351138 -13.026920 11.215980 2.000000
5.838138 -13.225920 11.022980 1.740000
6.314138 -14.361920 10.991980 1.400000
6.572138 -12.122920 10.910980 1.700000
8.018138 -12.151920 10.732980 2.000000
8.614138 -10.932920 11.443980 1.740000
7.887138 -10.132920 12.040980 1.400000
8.404138 -12.096920 9.238980 2.000000
7.986138 -10.846920 8.673980 1.600000
7.755138 -13.232920 8.468980 2.000000
9.930138 -10.775920 11.370980 1.700000
10.590138 -9.644920 12.013980 2.000000
10.425138 -8.432920 11.097980 1.740000
11.409138 -7.858920 10.620980 1.400000
12.082138 -9.958920 12.272980 2.000000
12.784138 -8.891920 13.132980 1.740000
12.109138 -7.966920 13.639980 1.400000
14.024138 -8.976920 13.301980 1.400000
9.178138 -8.032920 10.868980 1.700000
8.900138 -6.896920 10.006980 2.000000
9.587138 -5.632920 10.477980 1.740000
9.836138 -4.720920 9.694980 1.400000
7.388138 -6.605920 9.881980 2.000000
6.678138 -7.771920 9.207980 2.000000
6.784138 -6.311920 11.236980 2.000000
9.951138 -5.586920 11.747980 1.700000
10.587138 -4.391920 12.260980 2.000000
12.025138 -4.247920 11.750980 1.740000
12.746138 -3.322920 12.128980 1.400000
10.528138 -4.381920 13.785980 2.000000
10.741138 -2.993920 14.398980 2.000000
9.524138 -2.076920 14.298980 1.740000
8.899138 -1.918920 13.235980 1.400000
9.188138 -1.454920 15.424980 1.800000
12.447138 -5.165920 10.890980 1.700000
13.791138 -5.109920 10.333980 2.000000
13.826138 -4.163920 9.141980 1.740000
14.831138 -3.499920 8.904980 1.400000
14.259138 -6.500920 9.921980 2.000000
12.696138 -4.024920 8.456980 1.700000
12.618138 -3.166920 7.280980 2.000000
12.952138 -1.714920 7.510980 1.740000
13.138138 -0.962920 6.557980 1.400000
11.258138 -3.304920 6.617980 2.000000
11.070138 -4.658920 6.084980 1.740000
10.464138 -5.694920 6.706980 1.860000
11.540138 -5.152920 4.838980 1.740000
10.525138 -6.817920 5.926980 1.700000
11.183138 -6.511920 4.768980 1.740000
12.235138 -4.579920 3.767980 1.860000
11.494138 -7.314920 3.672980 1.860000
12.552138 -5.379920 2.668980 1.860000
12.180138 -6.732920 2.632980 1.860000
13.048138 -1.332920 8.776980 1.700000
13.369138 0.035080 9.146980 2.000000
14.684138 0.100080 9.904980 1.740000
15.107138 1.171080 10.348980 1.400000
12.239138 0.657080 9.987980 2.000000
11.765138 -0.319920 11.069980 2.000000
11.070138 1.006080 9.097980 2.000000
10.680138 0.217080 12.001980 2.000000
15.295138 -1.066920 10.075980 1.700000
16.566138 -1.222920 10.768980 2.000000
17.623138 -0.352920 10.093980 1.740000
17.564138 -0.111920 8.894980 1.400000
16.965138 -2.693920 10.692980 2.000000
18.147138 -3.125920 11.514980 2.000000
18.156138 -4.643920 11.596980 2.000000
17.135138 -5.142920 12.525980 1.700000
16.676138 -6.397920 12.566980 1.740000
17.121138 -7.326920 11.724980 1.800000
15.791138 -6.737920 13.494980 1.800000
18.537138 0.202080 10.872980 1.700000
19.573138 1.020080 10.271980 2.000000
19.069138 2.256080 9.555980 1.740000
19.867138 2.985080 8.978980 1.400000
17.765138 2.509080 9.584980 1.700000
17.207138 3.691080 8.929980 2.000000
17.241138 4.935080 9.796980 1.740000
16.907138 4.878080 10.986980 1.400000
15.739138 3.476080 8.556980 2.000000
15.416138 2.474080 7.084980 1.800000
17.652138 6.059080 9.216980 1.700000
17.611138 7.307080 9.967980 2.000000
16.122138 7.579080 9.815980 1.740000
15.571138 7.336080 8.730980 1.400000
18.435138 8.410080 9.285980 2.000000
17.936138 8.879080 7.917980 2.000000
16.751138 9.853080 8.015980 2.000000
16.082138 10.068080 6.728980 1.700000
15.645138 9.106080 5.913980 1.740000
15.790138 7.821080 6.217980 1.800000
15.080138 9.435080 4.762980 1.800000
15.452138 7.983080 10.889980 1.700000
14.017138 8.249080 10.820980 2.000000
13.611138 9.487080 11.597980 1.740000
12.968138 10.358080 10.966980 1.400000
13.218138 7.032080 11.306980 2.000000
13.182138 5.882080 10.297980 1.740000
12.573138 4.629080 10.890980 2.000000
12.414138 6.339080 9.071980 2.000000
13.944138 9.574080 12.808980 1.400000
